version = 'MMult_1x4_9';
MY_MMult = [
40 4.266667e+00 2.664535e-15 
80 4.248963e+00 7.105427e-15 
120 4.168878e+00 1.065814e-14 
160 3.895388e+00 1.421085e-14 
200 3.797769e+00 1.421085e-14 
240 3.667816e+00 1.776357e-14 
280 3.560169e+00 1.776357e-14 
320 3.406237e+00 2.842171e-14 
360 3.320475e+00 2.309264e-14 
400 4.341190e+00 2.842171e-14 
440 4.232745e+00 3.197442e-14 
480 4.143186e+00 3.907985e-14 
520 4.197880e+00 3.907985e-14 
560 4.222807e+00 4.618528e-14 
600 4.169039e+00 4.263256e-14 
640 4.224007e+00 4.440892e-14 
680 4.227430e+00 5.329071e-14 
720 4.219232e+00 4.973799e-14 
760 4.211266e+00 4.973799e-14 
800 4.218923e+00 4.973799e-14 
];
