version = 'MMult_4x4_13';
MY_MMult = [
40 2.723404e+00 2.664535e-15 
80 3.190031e+00 7.105427e-15 
120 3.704180e+00 1.065814e-14 
160 4.213992e+00 1.421085e-14 
200 4.884005e+00 2.131628e-14 
240 6.022217e+00 2.486900e-14 
280 6.606079e+00 2.842171e-14 
320 6.694862e+00 3.552714e-14 
360 6.785834e+00 4.973799e-14 
400 6.813585e+00 4.973799e-14 
440 8.842936e+00 4.973799e-14 
480 9.614606e+00 6.039613e-14 
520 9.609623e+00 6.394885e-14 
560 9.645786e+00 6.750156e-14 
600 9.695229e+00 7.460699e-14 
640 9.713354e+00 8.171241e-14 
680 9.718940e+00 9.237056e-14 
720 9.756715e+00 1.101341e-13 
760 9.784048e+00 1.065814e-13 
800 9.673062e+00 8.881784e-14 
];
