version = 'MMult1';
MY_MMult = [
40 1.438202e+00 0.000000e+00 
80 1.406593e+00 0.000000e+00 
120 1.386282e+00 0.000000e+00 
160 1.361929e+00 0.000000e+00 
200 1.320568e+00 0.000000e+00 
240 1.298455e+00 0.000000e+00 
280 1.297131e+00 0.000000e+00 
320 1.297794e+00 0.000000e+00 
360 1.297604e+00 0.000000e+00 
400 1.756601e+00 0.000000e+00 
440 1.756824e+00 0.000000e+00 
480 1.701285e+00 0.000000e+00 
520 1.626786e+00 0.000000e+00 
560 1.643744e+00 0.000000e+00 
600 1.639823e+00 0.000000e+00 
640 1.637228e+00 0.000000e+00 
680 1.640589e+00 0.000000e+00 
720 1.640016e+00 0.000000e+00 
760 1.639800e+00 0.000000e+00 
800 1.638628e+00 0.000000e+00 
];
