version = 'MMult_4x4_5';
MY_MMult = [
40 2.461538e+00 0.000000e+00 
80 2.192719e+00 0.000000e+00 
120 2.116350e+00 0.000000e+00 
160 1.981137e+00 0.000000e+00 
200 1.849283e+00 0.000000e+00 
240 2.005804e+00 0.000000e+00 
280 1.983824e+00 0.000000e+00 
320 1.974987e+00 0.000000e+00 
360 2.721339e+00 0.000000e+00 
400 2.722014e+00 0.000000e+00 
440 2.718667e+00 0.000000e+00 
480 2.704688e+00 0.000000e+00 
520 2.697645e+00 0.000000e+00 
560 2.682225e+00 0.000000e+00 
600 2.679120e+00 0.000000e+00 
640 2.674748e+00 0.000000e+00 
680 2.655878e+00 0.000000e+00 
720 2.597330e+00 0.000000e+00 
760 2.573356e+00 0.000000e+00 
800 2.539582e+00 0.000000e+00 
];
