version = 'MMult_1x4_5';
MY_MMult = [
40 1.969231e+00 0.000000e+00 
80 1.809187e+00 0.000000e+00 
120 1.758779e+00 0.000000e+00 
160 1.744092e+00 0.000000e+00 
200 1.664932e+00 0.000000e+00 
240 1.601761e+00 0.000000e+00 
280 1.551159e+00 0.000000e+00 
320 1.487899e+00 0.000000e+00 
360 2.033384e+00 0.000000e+00 
400 2.031133e+00 0.000000e+00 
440 2.029350e+00 0.000000e+00 
480 2.027072e+00 0.000000e+00 
520 2.026709e+00 0.000000e+00 
560 2.021456e+00 0.000000e+00 
600 2.005962e+00 0.000000e+00 
640 2.008997e+00 0.000000e+00 
680 1.997345e+00 0.000000e+00 
720 1.987238e+00 0.000000e+00 
760 1.964687e+00 0.000000e+00 
800 1.939985e+00 0.000000e+00 
];
