version = 'MMult_4x4_9';
MY_MMult = [
40 2.560000e+00 2.664535e-15 
80 2.449761e+00 7.105427e-15 
120 2.548673e+00 1.065814e-14 
160 2.633237e+00 1.421085e-14 
200 2.768166e+00 1.421085e-14 
240 3.238229e+00 1.776357e-14 
280 3.193018e+00 1.776357e-14 
320 3.146382e+00 2.842171e-14 
360 3.122474e+00 2.309264e-14 
400 3.103482e+00 2.842171e-14 
440 4.170065e+00 3.197442e-14 
480 4.168171e+00 3.907985e-14 
520 4.170241e+00 3.907985e-14 
560 4.179940e+00 4.618528e-14 
600 4.176052e+00 4.263256e-14 
640 4.178726e+00 4.440892e-14 
680 4.178720e+00 5.329071e-14 
720 5.051537e+00 4.973799e-14 
760 5.011027e+00 4.973799e-14 
800 4.982968e+00 4.973799e-14 
];
