version = 'MMult_4x4_10';
MY_MMult = [
40 3.200000e+00 2.664535e-15 
80 3.567944e+00 7.105427e-15 
120 3.720129e+00 1.065814e-14 
160 3.683453e+00 1.421085e-14 
200 3.880669e+00 1.421085e-14 
240 4.605697e+00 1.776357e-14 
280 4.900000e+00 1.776357e-14 
320 4.819178e+00 2.842171e-14 
360 4.775924e+00 2.309264e-14 
400 4.756243e+00 2.842171e-14 
440 5.432307e+00 3.197442e-14 
480 6.338014e+00 3.907985e-14 
520 6.404956e+00 3.907985e-14 
560 6.398601e+00 4.618528e-14 
600 6.392802e+00 4.263256e-14 
640 6.331598e+00 4.440892e-14 
680 6.330676e+00 5.329071e-14 
720 6.324790e+00 4.973799e-14 
760 6.313068e+00 4.973799e-14 
800 6.283712e+00 4.973799e-14 
];
