version = 'MMult_4x4_12';
MY_MMult = [
40 2.064516e+00 2.664535e-15 
80 2.409412e+00 7.105427e-15 
120 2.480976e+00 1.065814e-14 
160 2.686783e+00 1.421085e-14 
200 3.065134e+00 2.131628e-14 
240 3.720129e+00 2.486900e-14 
280 3.906745e+00 2.842171e-14 
320 3.962752e+00 3.552714e-14 
360 3.973936e+00 4.973799e-14 
400 3.964567e+00 4.973799e-14 
440 5.270961e+00 4.973799e-14 
480 5.321272e+00 6.039613e-14 
520 5.298564e+00 6.394885e-14 
560 5.350232e+00 6.750156e-14 
600 5.300679e+00 7.460699e-14 
640 5.320236e+00 8.171241e-14 
680 5.365230e+00 9.237056e-14 
720 5.433290e+00 1.101341e-13 
760 5.406974e+00 1.065814e-13 
800 5.389928e+00 8.881784e-14 
];
