version = 'MMult0';
MY_MMult = [
40 1.391304e+00 0.000000e+00 
80 1.368984e+00 0.000000e+00 
120 1.374702e+00 0.000000e+00 
160 1.322357e+00 0.000000e+00 
200 1.339809e+00 0.000000e+00 
240 1.361233e+00 0.000000e+00 
280 1.378462e+00 0.000000e+00 
320 1.383316e+00 0.000000e+00 
360 1.873058e+00 0.000000e+00 
400 1.850701e+00 0.000000e+00 
440 1.817259e+00 0.000000e+00 
480 1.811113e+00 0.000000e+00 
520 1.785374e+00 0.000000e+00 
560 1.777121e+00 0.000000e+00 
600 1.776922e+00 0.000000e+00 
640 1.778930e+00 0.000000e+00 
680 1.781939e+00 0.000000e+00 
720 1.785534e+00 0.000000e+00 
760 1.786594e+00 0.000000e+00 
800 1.791061e+00 0.000000e+00 
];
