version = 'MMult_1x4_6';
MY_MMult = [
40 4.000000e+00 2.664535e-15 
80 3.984436e+00 7.105427e-15 
120 4.042105e+00 1.065814e-14 
160 3.835206e+00 1.421085e-14 
200 3.661327e+00 1.421085e-14 
240 3.557843e+00 1.776357e-14 
280 3.402620e+00 1.776357e-14 
320 3.207518e+00 2.842171e-14 
360 3.105431e+00 2.309264e-14 
400 4.105986e+00 2.842171e-14 
440 4.025328e+00 3.197442e-14 
480 4.156891e+00 3.907985e-14 
520 4.158770e+00 3.907985e-14 
560 4.164773e+00 4.618528e-14 
600 4.148660e+00 4.263256e-14 
640 4.172208e+00 4.440892e-14 
680 4.173534e+00 5.329071e-14 
720 4.127731e+00 4.973799e-14 
760 4.169783e+00 4.973799e-14 
800 4.163008e+00 4.973799e-14 
];
