version = 'MMult_1x4_4';
MY_MMult = [
40 8.311688e-01 0.000000e+00 
80 8.094862e-01 0.000000e+00 
120 8.731683e-01 0.000000e+00 
160 1.030570e+00 0.000000e+00 
200 1.262029e+00 0.000000e+00 
240 1.402669e+00 0.000000e+00 
280 1.406323e+00 0.000000e+00 
320 1.410681e+00 0.000000e+00 
360 1.415255e+00 0.000000e+00 
400 1.939541e+00 0.000000e+00 
440 1.933407e+00 0.000000e+00 
480 1.874409e+00 0.000000e+00 
520 1.808347e+00 0.000000e+00 
560 1.794454e+00 0.000000e+00 
600 1.791728e+00 0.000000e+00 
640 1.791574e+00 0.000000e+00 
680 1.791972e+00 0.000000e+00 
720 1.791017e+00 0.000000e+00 
760 1.790916e+00 0.000000e+00 
800 1.791494e+00 0.000000e+00 
];
