version = 'MMult_4x4_11';
MY_MMult = [
40 3.200000e+00 2.664535e-15 
80 3.543253e+00 7.105427e-15 
120 3.512195e+00 1.065814e-14 
160 3.817335e+00 1.421085e-14 
200 4.365621e+00 2.131628e-14 
240 5.047097e+00 2.486900e-14 
280 5.580780e+00 2.842171e-14 
320 5.680999e+00 3.552714e-14 
360 5.801542e+00 4.973799e-14 
400 5.691165e+00 4.973799e-14 
440 5.755481e+00 4.973799e-14 
480 7.480014e+00 6.039613e-14 
520 7.315142e+00 6.394885e-14 
560 7.553864e+00 6.750156e-14 
600 7.665691e+00 7.460699e-14 
640 7.558176e+00 8.171241e-14 
680 7.662625e+00 9.237056e-14 
720 7.617384e+00 1.101341e-13 
760 7.097831e+00 1.065814e-13 
800 7.128884e+00 8.881784e-14 
];
