version = 'MMult_4x4_8';
MY_MMult = [
40 4.129032e+00 2.664535e-15 
80 4.112450e+00 7.105427e-15 
120 3.972414e+00 1.065814e-14 
160 3.698420e+00 1.421085e-14 
200 3.545314e+00 1.421085e-14 
240 3.555098e+00 1.776357e-14 
280 3.693757e+00 1.776357e-14 
320 3.695292e+00 2.842171e-14 
360 3.696550e+00 2.309264e-14 
400 5.066698e+00 2.842171e-14 
440 5.065953e+00 3.197442e-14 
480 5.040082e+00 3.907985e-14 
520 5.019563e+00 3.907985e-14 
560 4.896380e+00 4.618528e-14 
600 4.921619e+00 4.263256e-14 
640 4.947467e+00 4.440892e-14 
680 4.910660e+00 5.329071e-14 
720 3.898233e+00 4.973799e-14 
760 4.739512e+00 4.973799e-14 
800 4.756132e+00 4.973799e-14 
];
