version = 'MMult_4x4_7';
MY_MMult = [
40 4.413793e+00 2.664535e-15 
80 4.231405e+00 7.105427e-15 
120 4.018605e+00 1.065814e-14 
160 3.676840e+00 1.421085e-14 
200 3.557928e+00 1.421085e-14 
240 3.585062e+00 1.776357e-14 
280 3.723518e+00 1.776357e-14 
320 3.729570e+00 2.842171e-14 
360 3.725327e+00 2.309264e-14 
400 3.731996e+00 2.842171e-14 
440 5.071231e+00 3.197442e-14 
480 5.120593e+00 3.907985e-14 
520 5.052662e+00 3.907985e-14 
560 5.055735e+00 4.618528e-14 
600 5.022088e+00 4.263256e-14 
640 5.005566e+00 4.440892e-14 
680 4.974718e+00 5.329071e-14 
720 4.885157e+00 4.973799e-14 
760 4.797867e+00 4.973799e-14 
800 4.806902e+00 4.973799e-14 
];
