version = 'MMult_1x4_3';
MY_MMult = [
40 8.366013e-01 0.000000e+00 
80 8.120539e-01 0.000000e+00 
120 8.771574e-01 0.000000e+00 
160 1.034082e+00 0.000000e+00 
200 1.264023e+00 0.000000e+00 
240 1.403167e+00 0.000000e+00 
280 1.406503e+00 0.000000e+00 
320 1.411167e+00 0.000000e+00 
360 1.413347e+00 0.000000e+00 
400 1.934558e+00 0.000000e+00 
440 1.927065e+00 0.000000e+00 
480 1.856583e+00 0.000000e+00 
520 1.778160e+00 0.000000e+00 
560 1.795187e+00 0.000000e+00 
600 1.791320e+00 0.000000e+00 
640 1.791494e+00 0.000000e+00 
680 1.792166e+00 0.000000e+00 
720 1.791507e+00 0.000000e+00 
760 1.791534e+00 0.000000e+00 
800 1.790545e+00 0.000000e+00 
];
