version = 'MMult_4x4_14';
MY_MMult = [
40 2.461538e+00 2.664535e-15 
80 3.210031e+00 7.105427e-15 
120 3.676596e+00 1.065814e-14 
160 3.942252e+00 1.421085e-14 
200 4.605642e+00 2.131628e-14 
240 5.589972e+00 2.486900e-14 
280 5.645365e+00 2.842171e-14 
320 5.816633e+00 3.552714e-14 
360 5.983073e+00 4.973799e-14 
400 6.026082e+00 4.973799e-14 
440 6.847588e+00 4.973799e-14 
480 8.264544e+00 6.039613e-14 
520 7.883382e+00 6.394885e-14 
560 7.853498e+00 6.750156e-14 
600 7.840433e+00 7.460699e-14 
640 7.854031e+00 8.171241e-14 
680 8.227543e+00 9.237056e-14 
720 8.317875e+00 1.101341e-13 
760 8.661037e+00 1.065814e-13 
800 8.517647e+00 8.881784e-14 
];
