version = 'MMult_1x4_8';
MY_MMult = [
40 2.133333e+00 2.664535e-15 
80 2.301124e+00 7.105427e-15 
120 2.383448e+00 1.065814e-14 
160 2.543310e+00 1.421085e-14 
200 2.947679e+00 1.421085e-14 
240 3.475987e+00 1.776357e-14 
280 3.522465e+00 1.776357e-14 
320 3.301063e+00 2.842171e-14 
360 3.205717e+00 2.309264e-14 
400 3.096200e+00 2.842171e-14 
440 4.088505e+00 3.197442e-14 
480 4.074271e+00 3.907985e-14 
520 4.082339e+00 3.907985e-14 
560 4.085946e+00 4.618528e-14 
600 4.089786e+00 4.263256e-14 
640 4.095392e+00 4.440892e-14 
680 4.264988e+00 5.329071e-14 
720 4.267081e+00 4.973799e-14 
760 4.267289e+00 4.973799e-14 
800 4.267093e+00 4.973799e-14 
];
