version = 'MMult_4x4_4';
MY_MMult = [
40 8.205128e-01 0.000000e+00 
80 8.056648e-01 0.000000e+00 
120 9.030572e-01 0.000000e+00 
160 1.048375e+00 0.000000e+00 
200 1.292198e+00 0.000000e+00 
240 1.403808e+00 0.000000e+00 
280 1.406593e+00 0.000000e+00 
320 1.411440e+00 0.000000e+00 
360 1.413604e+00 0.000000e+00 
400 1.933476e+00 0.000000e+00 
440 1.929772e+00 0.000000e+00 
480 1.858033e+00 0.000000e+00 
520 1.777295e+00 0.000000e+00 
560 1.795747e+00 0.000000e+00 
600 1.791060e+00 0.000000e+00 
640 1.793100e+00 0.000000e+00 
680 1.793761e+00 0.000000e+00 
720 1.793388e+00 0.000000e+00 
760 1.792112e+00 0.000000e+00 
800 1.792049e+00 0.000000e+00 
];
