version = 'MMult2';
MY_MMult = [
40 9.770992e-01 0.000000e+00 
80 9.377289e-01 0.000000e+00 
120 1.000869e+00 0.000000e+00 
160 1.142379e+00 0.000000e+00 
200 1.352722e+00 0.000000e+00 
240 1.410324e+00 0.000000e+00 
280 1.413568e+00 0.000000e+00 
320 1.417853e+00 0.000000e+00 
360 1.419172e+00 0.000000e+00 
400 1.938190e+00 0.000000e+00 
