version = 'MMult_4x4_3';
MY_MMult = [
40 7.664671e-01 0.000000e+00 
80 8.139905e-01 0.000000e+00 
120 8.789420e-01 0.000000e+00 
160 1.030959e+00 0.000000e+00 
200 1.267528e+00 0.000000e+00 
240 1.402740e+00 0.000000e+00 
280 1.407089e+00 0.000000e+00 
320 1.411410e+00 0.000000e+00 
360 1.413390e+00 0.000000e+00 
400 1.935552e+00 0.000000e+00 
440 1.931085e+00 0.000000e+00 
480 1.859627e+00 0.000000e+00 
520 1.811644e+00 0.000000e+00 
560 1.797650e+00 0.000000e+00 
600 1.793789e+00 0.000000e+00 
640 1.792995e+00 0.000000e+00 
680 1.793598e+00 0.000000e+00 
720 1.792828e+00 0.000000e+00 
760 1.791746e+00 0.000000e+00 
800 1.791400e+00 0.000000e+00 
];
