version = 'MMult_1x4_7';
MY_MMult = [
40 1.882353e+00 2.664535e-15 
80 2.089796e+00 7.105427e-15 
120 2.272189e+00 1.065814e-14 
160 2.472683e+00 1.421085e-14 
200 2.836879e+00 1.421085e-14 
240 3.451255e+00 1.776357e-14 
280 3.405787e+00 1.776357e-14 
320 3.205008e+00 2.842171e-14 
360 3.100891e+00 2.309264e-14 
400 3.019082e+00 2.842171e-14 
440 4.013853e+00 3.197442e-14 
480 3.975484e+00 3.907985e-14 
520 4.156127e+00 3.907985e-14 
560 4.157182e+00 4.618528e-14 
600 4.164458e+00 4.263256e-14 
640 4.169487e+00 4.440892e-14 
680 4.170711e+00 5.329071e-14 
720 4.160560e+00 4.973799e-14 
760 4.162843e+00 4.973799e-14 
800 4.171878e+00 4.973799e-14 
];
