version = 'MMult_4x4_15';
MY_MMult = [
40 5.120000e+00 2.664535e-15 
80 5.953488e+00 7.105427e-15 
120 6.423792e+00 1.065814e-14 
160 6.475889e+00 1.421085e-14 
200 6.552007e+00 2.131628e-14 
240 6.673425e+00 2.486900e-14 
280 6.715203e+00 2.842171e-14 
320 6.796930e+00 3.552714e-14 
360 6.879894e+00 4.973799e-14 
400 9.415226e+00 4.973799e-14 
440 9.505021e+00 4.973799e-14 
480 9.585023e+00 6.039613e-14 
520 9.593886e+00 6.394885e-14 
560 9.592309e+00 6.750156e-14 
600 9.690227e+00 7.460699e-14 
640 9.725246e+00 8.171241e-14 
680 9.712185e+00 9.237056e-14 
720 9.738513e+00 1.101341e-13 
760 9.762073e+00 1.065814e-13 
800 9.746440e+00 8.881784e-14 
];
