version = 'MMult_4x4_6';
MY_MMult = [
40 2.206897e+00 2.664535e-15 
80 2.295964e+00 7.105427e-15 
120 2.386740e+00 1.065814e-14 
160 2.422952e+00 1.421085e-14 
200 2.755295e+00 1.421085e-14 
240 3.407864e+00 1.776357e-14 
280 3.681368e+00 1.776357e-14 
320 3.682625e+00 2.842171e-14 
360 3.683417e+00 2.309264e-14 
400 3.695257e+00 2.842171e-14 
440 4.257391e+00 3.197442e-14 
480 5.058988e+00 3.907985e-14 
520 5.047402e+00 3.907985e-14 
560 5.073334e+00 4.618528e-14 
600 5.087560e+00 4.263256e-14 
640 5.110518e+00 4.440892e-14 
680 5.112134e+00 5.329071e-14 
720 5.054582e+00 4.973799e-14 
760 5.026059e+00 4.973799e-14 
800 4.718220e+00 4.973799e-14 
];
